84278287642441735020336220785537685853466450205045
07094631423885617437340689429127095912970589962954
96972671890223050506560612848069442063964319916622
23651709858269634974161826704301074306338554154668
77907759061556355634272842967514109822232833494224
73330904534491419246447387725393917555597756349850
41469018307301502671551883401824921626960418071977
81283538232994009808019803385032012700831999104887
76838444112164478992331346532910862365651605863354
63695018822781667124715940697557817435526833266408
64708928088957285175066250301973670432089579733593
94083352486768167168501372518083079763525646211585
93277481595514200901119906354561769652338699777992
27538282580035553039341974576785924020234273935697
28977569460235677630587656793959023994253718701153
35320133782166737432222210481655328617052769071519
18209514961073566555473092341098980038355395010299
95691267277108020244986500311635174790023671828717
16997227578210516188652113367094266311166046830836
82747370672993781539363594711934368641531863074561